159166790713849
-4
6157930800922426
173642294191297410
-3
-3
1891041405461617
220289834083844
5981852659641753
10469193053128351
569505238193320
523881351144328194
21818609768308288
16749678956226068
3133187380055192
80967416477518922
11252014716246
2796864178748010
31378537073823298
430376082909341
582033936336724392
136257377824218575
200696591701673
5682993617953
19906204210545414
45123530713279100
214982088356561684
185170638009533487
7128146630316
-4
10922468170051805
62911394009487695
3056458410635021
104700804489583778
12244644077594987
184781483363512
58171160238412768
18784019806668927
185565352384237
14662240669843420
27981190264906955
37496586903770283
3189972447050133
41650816793856116
117580378973976559
5544960180491000
164712738945536823
2445862236529
9921808836431399
-1
133776825589115374
50431721926159102
33586766559248830
-1
97900458356498087
161051183164500110
68885508909307382
23123656154737161
78638794304677866
28033138235456928
12665681254403432
241222985193
15448130387843368
7805001795870055
5029511599301780
4594279629711
5555786364125
-2
11492372848531897
5895450616470083
212617911004857883
12095656269035302
9142160440762283
5352869353281534
678535648328872
689965019131363
110269104640059431
174289524915140
2830573134495600
15436826027875198
30390021704323687
30740382744698516
98600489575491357
95644023030257
166599203438660634
46407663031455623
-4
-3
2282452984609377
96809910124238585
77709398267175027
522059705586863
119188353506601884
6202466840956582
-4
185556857791700480
152469782653783288
239500703290319
80693813704784
203400335604535
5136310334676259
-2
8460728172720797
498981110311137
53969629586000
-4
10320545383134904
0
6748956845106992
99861919928147264
6374646295695879
1474408825890473
75158092203362
47638676733
-3
-4
-3
7275373890476
49063388639824792
4614360413274585
32686380523831652
4748354520744893
11519545430179682
43666389670055881
-2
25067121717588830
0
126817696302439186
178924312249643798
20574174603156065
8941407700362334
5743868374849543
181707631686
13243043147239747
8063953562
67066826241327
1393689541453242
598046838933717
-2
20222508509447916
35491595838530199
4058905011612849
55262378537243135
86241880564805763
6929282750724615
31245928722287
0
230083788755532
5929565333295424
-2
23421926423908
1611664573620
81570739433184861
30998654864
7994684203754525
8983388285784300
-4
-4
-2
-3
-1
-4
749127387253689
1328642058
89756311389764869
281750865456693060
23606247440912870
24475251704673
2624177601557880
72247681137212974
13591213068023456
1021654911972648
29101128344
2456571871867141
5819437844461625
741723756159120
16850645363330909
183058278205594
683455643110160
143501789446945584
0
941107622027087
49090517139164739
-4
425189688559709
6872311704677
7311232879455551
35412622646041872
733017263128504
82963305959896166
24321707127236530
89710867475013424
1210812475069289
8799077883138
7648507628682712
2188817490221885
44362255146482329
-4
9442719859814160
146283477391343076
183317241795285715
3031302137414312
-3
11330235742845127
6325109846353880
97706301976846
31060797484444357
-2
14549182146615387
22598534923487904
-3
4832006707720637
-1
847860894477232
-1
4571423608187843
257431711819342
5560577322891547
1069062265177299
-4
4319394869878749
175124011811520990
12158910963369
6506161149717858
79889632899689
-2
214086121595255435
596106153853759
23585273231988069
32033923212185676
-1
-1
13213326116493835
1495271545057
70903861627904510
1215039479737039
167821891265935
3601609676108219
184213749521767630
23329054560256
28123277271158187
7640661018254
0
-3
25336789806939264
5075466378392875
1148386527039223
1177416410305535
57212050960365625
16820921716279585
84877925303572820
213367570732300
242379269350624567
8831385033740901
7151322306525247
22724516555886672
6956628457181711
124998384358109
896117950741443
116570587289535912
31718275440957703
76650434755606370
17437482980754930
64608955637690370
32975090841170413
3706451202280527
79487321225795828
79534251717337
37992770726816873
-4
16116002494732326
3129741985448202
98806623398339309
59992288888365792
12782077053137155
2729726319015402
29670162359119146
3749458818554187
8821080030541132
162794940375888
78262529753892048
193391581796548
40773424905211426
24707337611088762
11941491641213203
83023885343644
38874352513241827
-2
45252158596209
27389257498897048
34807962861612555
6923514286822006
105804416906758
947488272910
91120746265172
5997928333996179
178198873509557
155074961679746
62165383673848498
227879685
-3
-3
6491846966607
78164790414046537
-3
-1
-2
104680697764327
51644029193830238
735996516691027
795580642045725
1603402354789197
18938449273399180
35128136675967537
167942044638120078
58545222856334487
58494403548534804
-4
480362985017137350
71645454385118889
2772629745628105
2709301362967561
150851957096085075
6927234035436384
0
477989147020021704
59854587836848
19177627666513537
27896896413
12640222393607246
1757034298019
11562560743352862
79162821899515009
3723417629449251
16170755977351412
33335640972531966
6995921140325357
3060999235317275
11749872623913620
1411199617978153
63487537391378
1877145704583336
1626013515828
114978205401677
21882632028137841
28685545280245918
-3
-3
8266035055941323
-4
1741569357274065
87343457279938054
37059308717675
37684366882752857
189989243281542
1073503793591529
5892771452945690
-4
343996054794
604368926006117
503213432180055
5137771088947625
155877112594978464
5378303756805504
27315219809109927
14050057823495806
352582905105
5720040384618067
9426018042702255
624508742938895
-3
359664692163461
320289787889
27869974667360729
9344383285908498
13783718917126680
91714148472605497
-3
171483029739504591
139508218491197170
241408412073063
4792184248434996
45879194433039955
3342400178526948
40448926510745
18099944900726635
4329971054629181
1015336675670
67876187314368
10501776017575005
85062891730909660
10270457781590552
9493099841093278
18524321637182080
14032581712456889
1033679398245544
-3
-3
166301340424056
42292519108042549
1158555864238942
3422004494095635
-2
3763093494176282
247460829631686
67475408957721673
-3
2172502860197775
21471309857725
122738393886889204
14050794976141579
3640981315651390
3022414466683080
6355614214144494
320459931202214
-2
202367240714
69369760919719
278397210243210
4078530854286795
52577152027193005
2090749174252729
-3
124969575322260760
65675499477731484
-2
77364435224354842
2262110269717692
105393120542802244
25423339374578877
-2
19280528387745828
260162963571743
42206431311773095
5093438976
17895554173544
18963400874450730
3443481510123512
150754111055126
-4
155616777132738766
61033407197096542
59630595587700
86237817768038689
-3
-4
198913950542
73978013675837366
39179923081571507
2003706143535446
-3
13965123577948590
-2
6859124407589666
210926385493449
3667239088796355
-4
44981230328579621
11794180171363180
247093731418358
171341545015825716
16133259232511668
35754579808324777
18317622064657799
21666504546533
10001675037679
53092060019268
-4
-1
13269114616635992
9589710701857293
141169851414061144
14320222735
31541530777319638
-2
50695700547825
-4
39338474331994892
119779963700261282
931752495470561
10565901378884543
29974745633179737
2148078203276824
21249278941536774
1118782027031
-4
133400212990349
31737920987867621
-2
40497247751914493
1127559648065508
-3
4292974611192
87795103244178823
1070504210022
44383329522233580
22717536285872285
75455894227793928
738790159419719
13270577117390428
54324987863380
13709309478200180
11226152688710051
67609063747057155
3561444853149572
19130445484869
6315136774219532
-4
124071102783078654
63429603455835422
3523027636397728
19595842143305230
29756739758913102
69197180013376816
134511063592350
2845159667304742
1026907661160
1143473046199751
2970564055677874
790627627757983551
5053460415365056
15362273098251152
-2
70436229355744412
149298462501
-3
145745089101225240
63850725216539320
23295246728005836
1259869679927892
273908622433555845
409683064037237
826159824367733
44322181719978318
4190837665823
11234113082215350
29632670502095499
157930894092
1161169594371707724
50772673131935325
203098601958812
27319741893931053
87546810244927375
211766520447856174
0
14696206217347231
120827635311012
133807954945171417
479059761567397
592889440317108
-3
1924942330150334
56538816933581
2131334615864096
-3
22203422272511267
47120873143671184
4363404584095907
4899188583878681
9823725254895804
24465358247068350
35723027240926011
272510617842853
139888226526711
2408962372012354
-2
22332512000908208
19929000802969048
68836597926
142780052135040
16223767869627989
-4
5264575612696516
86510143171049672
10272833304
752464581750815
59229239651254767
10777063631665615
5955706294867345
67911258141049511
15224946805752867
24183993611186872
18715172074011367
-2
4840748721476
123596486644359204
4653124523557818
1967666890742505
115003970707135495
19990493206895320
16708338297627211
704502800232
39216064082864
0
1987182608040
99375478722062289
11662913728305661
13116628264458100
14459219674073037
72312202866204756
1723070822717477
118664635732128390
4375642013315971
22901141734758661
5631775336662620
5059623462652965
-3
704168672074
421205683067636
-3
3011272154911269
19220410429820875
3539923764781482
40128115011717
2948680933002039
4741660975570015
-3
76811471562716524
-4
2565012888258328
-2
41680359902160100
3174255219498886
137678213160907993
17724306277733121
-1
780120240038
2916922511759103
462740306900025
416221453592917
409500861401110
118207470727814668
76274844241404348
41366441631487182
203683585886186303
303696106282401432
6518933686160610
190867750459674666
489855005268789
59158618111781
-2
9399728636618652
31410201404138456
2510306491374018
18542615701038374
8933976236975947
8615787380774639
12693244332034844
40441703453250
956956304378196
555316503941596
1022825114576459
-3
-3
32094566988697000
1306795619749445
80079222235227
-3
11044864533338188
2768899777766694
527604119198562
5447233733895607
14654900125049551
4183522198075286
24763748881775
-2
63245038002592199
11898681425063813
12496423431931
6647914119
-1
156611912885229
0
71273363255964
-4
0
2426138088479774
407847563344542535
558016658965520
52130205589033
41983303097976
-2
49963953905133
1588979590259
40677161760282024
9292421374091040
-1
27180894490305280
17496642556266
498145738997141
1588277077728290
184427103637873
24600420640470911
273847556836242
323318103318237
110513205848808
1479844689302600
4017284107186871
3649205026291
2124301207232584
299315137557719693
261730343066013
-3
6473798060546839
11992488957864750
-2
48945682143975391
61846957086261250
7193897324034952
21539266950176170
900984000752549
5026598940974498
266045142495307
432801641047537
-4
98979472867414532
4493217113379616
11483091742588
230195192342152496
234384414422159391
2132825022750496
6240780427734544
899748230621402
43926687607877608
3163803575705791
15151285363761067
111553751694235825
34933867325959610
0
431462434608911
49702730913568249
9574528917660
-3
-1
79530272868297191
243354231442325
31394469314685495
0
-4
150885307266803222
44038787812503776
1822520373198582
1650912965411766
-1
368929413880535
145190243404347557
24860913447801074
64689161609208
5826731912834247
2232200050947
9028479697706
3943603674471
3204310662218895
2438400626681892
19805629964255
0
282283410139586
47047774524642346
2374609004739043
64937815771113729
0
2138198490280237
15985371894459
128539052411282291
1409584863988430
60536212235552
-4
89006141047292485
458127127128348
1576646800281665
-1
41420319697783138
-4
4756596299899302
78308718745976648
3426028196333
-3
5565731289577
111974394919279467
27435602014563206
-3
5512754347101919
2515281265261373
15409281669947901
14872431896693381
-2
30308274703972555
73345813109427
0
126380204908329863
-4
735977535754
1079930748151612812
17685741384507
-4
3223779211714238
178535619338733003
15677274788943085
8642680906314968
30611522503085
38993528360484035
-1
3635546972432568
-4
71852021213265786
24233162488878354
101730339444756
41512851335787048
-3
300850413180458
5587476391892310
-4
102500829442276235
3657372656558126
-3
1777733651337257
16781696727685120
-1
-3
47674539094530
359489800938601
-3
-3
73170676861374056
23442944856964
2716978260861961
178746879821083
728334902680370
29473946676792767
47362084875403758
9907663327016250
11035959283787
1211776845040351
67742186644750
220519412082161298
6727338162933229
341988774085529211
26766578080688734
301656491791699631
9591750682650
101366700870755788
61832193561707
2457780364225
137697597266886078
8862872377315282
2508814657206995
225399944014680574
17266295353333322
1221565357911503
1916299119365850
32259993671872985
8096496459566756
29557581735046392
81391326503399
2669781738813485
6708923756967379
60695283326187
33578178363530501
253155811090398
211252566924742440
-1
25439733728780392
365944378652164034
30734204719191833
15331407810814280
835624143985932
36179916145001934
16693847579513451
-1
18145653550681172
28467190071719840
56350453477722522
-2
5830895885336456
1405650933155708
100000839733037
20096363555468691
92312357440374514
2473200017882987
142636935786797
129810396307571
35990361554772
8098001206817879
70435292792770
4828142748773
2075126194133784
27228955313596926
2306717667159016
9665726763436107
141408045440674
28462222608600
4703442860874042
2189940854906
166876311840824
995332316661277
-4
-1
-1
-1
3359096221284394
10491063978267683
26578408991252522
27651577592586899
95270732126651
21659498084580931
395527455887916
61599612838682329
0
8579994367544619
75717261957225
-3
3322016569600
237796545926306235
3061773782377056
643024718872092112
20335790074536066
21027983392691349
10274246102232
7027649668177575
28007718727410276
247940891024456189
17890676974071936
-3
162499378554
82971764767395443
155962630948418
-1
485019857754447
230317919244697
1898737427002030
-2
-3
65669555544
12392125267725157
85457637924808926
-2
128233587335555625
2137955009473917
-3
18088845563298085
832519203544306
1588023275972960
59089537015202178
15153997288487273
29023867145539837
28988700450032
1705526019956456
7921807960651092
55938641236487
10011741658430
26855131112122374
3362426886136422
1817295524607474
35390062072484792
-4
201972814869645
-4
17210349529174170
86611176741253045
-3
21790899216511686
7105082028528921
4659294556880
231092365322634186
35816019977033
4104110565686754
316382607103438
0
76549922510193593
399936553896392
262332853046419
323645166474076
-4
14674870234175
-2
337967339987498
-2
-3
9304946909509791
77514643301042406
11985819216861033
42453223090648533
118948591518193
166460147933057
1833655025434299
19203749711377
1319721486736930
22269306032784394
530968096007
45117521614458459
3912478893716
-3
-2
76401143245512491
11203550473685225
10808003158051463
28445698654824129
-1
62177880476873213
438164385112534138
